----
1900
----

--------|Jan|--------   --------|Feb|--------   --------|Mar|--------

  1  2  3  4  5  6  7    '' '' ''  1  2  3  4    '' '' ''  1  2  3  4
  8  9 10 11 12 13 14     5  6  7  8  9 10 11     5  6  7  8  9 10 11
 15 16 17 18 19 20 21    12 13 14 15 16 17 18    12 13 14 15 16 17 18
 22 23 24 25 26 27 28    19 20 21 22 23 24 25    19 20 21 22 23 24 25
 29 30 31 '' '' '' ''    26 27 28 '' '' '' ''    26 27 28 29 30 31 ''
.....................   .....................   .....................

----
1901
----

--------|Jan|--------
 ''  1  2  3  4  5  6
  7  8  9 10 11 12 13
 14 15 16 17 18 19 20
 21 22 23 24 25 26 27
 28 29 30 31 '' '' ''
.....................

----
1904
----

--------|Jan|--------
 '' '' '' ''  1  2  3
  4  5  6  7  8  9 10
 11 12 13 14 15 16 17
 18 19 20 21 22 23 24
 25 26 27 28 29 30 31
 '' '' '' '' '' '' ''
.....................

----    |
1905    | LEAP YEAR!
----    |

--------|Jan|--------
 '' '' '' '' '' ''  1
  2  3  4  5  6  7  8
  9 10 11 12 13 14 15
 16 17 18 19 20 21 22
 23 24 25 26 27 28 29
 30 31 '' '' '' '' ''
.....................
